Resultados Sk-learn:
Documento: doc_1
        aromas include tropical   fruit   broom brimstone     and   dried    herb     the  palate    isnt  overly expressive offering unripened   apple  citrus    sage alongside   brisk acidity
Índice       1       2        3       4       5         6  7 - 19  8 - 20       9      10      11      12      13         14       15        16      17      18      21        22      23      24
TF           1       1        1       1       1         1       2       2       1       1       1       1       1          1        1         1       1       1       1         1       1       1
IDF       1.47  2.3863   2.3863  1.9808  2.3863    2.3863     1.0  2.3863  1.9808  1.1335  1.6931  2.3863  2.3863     2.3863   2.3863    2.3863  2.3863  2.3863  2.3863    2.3863  2.3863  1.2877
TF-IDF  0.1329  0.2158   0.2158  0.1791  0.2158    0.2158  0.1808  0.4315  0.1791  0.1025  0.1531  0.2158  0.2158     0.2158   0.2158    0.2158  0.2158  0.2158  0.2158    0.2158  0.2158  0.1164
Documento: doc_2
          this      is    ripe     and  fruity    wine    that  smooth   while   still structured    firm tannins     are  filled     out     with   juicy     red   berry  fruits freshened acidity     its already drinkable although      it    will certainly      be  better    from    2016
Índice       1   2 - 9       3  4 - 24       5       7       8      10      11      12         13      14      15      16      17      18  19 - 26      20      21      22      23        25      27      28      29        30       31      32      33        34      35      36      37      38
TF           1       2       1       2       1       1       1       1       1       1          1       1       1       1       1       1        2       1       1       1       1         1       1       1       1         1        1       1       1         1       1       1       1       1
IDF     1.6931  1.6931  2.3863     1.0  2.3863  1.6931  1.9808  2.3863  1.9808  2.3863     2.3863  2.3863  1.9808  2.3863  2.3863  2.3863   1.1335  2.3863  1.9808  1.9808  2.3863    2.3863  1.2877  1.6931  2.3863    2.3863   2.3863  1.9808  2.3863    2.3863  2.3863  2.3863  1.9808  2.3863
TF-IDF   0.129   0.258  0.1818  0.1524  0.1818   0.129  0.1509  0.1818  0.1509  0.1818     0.1818  0.1818  0.1509  0.1818  0.1818  0.1818   0.1728  0.1818  0.1509  0.1509  0.1818    0.1818  0.0981   0.129  0.1818    0.1818   0.1818  0.1509  0.1818    0.1818  0.1818  0.1818  0.1509  0.1818
Documento: doc_3
          tart     and  snappy          the flavors      of    lime   flesh    rind dominate    some   green pineapple   pokes through    with   crisp acidity underscoring    wine     was     all fermented
Índice       1   2 - 9       3  4 - 21 - 23  5 - 22       6       7       8      10       11      12      13        14      15      16      17      18      19           20      24      25      26        28
TF           1       2       1            3       2       1       1       1       1        1       1       1         1       1       1       1       1       1            1       1       1       1         1
IDF     2.3863     1.0  2.3863       1.1335  1.9808  1.2877  2.3863  2.3863  1.9808   2.3863  2.3863  1.9808    1.9808  2.3863  2.3863  1.1335  2.3863  1.2877       2.3863  1.6931  2.3863  2.3863    2.3863
TF-IDF  0.2047  0.1716  0.2047       0.2917  0.3398  0.1105  0.2047  0.2047  0.1699   0.2047  0.2047  0.1699    0.1699  0.2047  0.2047  0.0972  0.2047  0.1105       0.2047  0.1452  0.2047  0.2047    0.2047
Documento: doc_4
       pineapple    rind   lemon    pith     and  orange blossom   start     off      the aromas  palate      is     bit    more opulent    with   notes      of   guava   mango  giving     way      to slightly astringent semidry  finish
Índice         1       2       3       4  5 - 24       6       7       8       9  10 - 12     11      13      14      16      17      18      19      20      21      23      25      26      27      28       30         31      32      33
TF             1       1       1       1       2       1       1       1       1        2      1       1       1       1       1       1       1       1       1       1       1       1       1       1        1          1       1       1
IDF       1.9808  1.9808  2.3863  2.3863     1.0  2.3863  2.3863  2.3863  2.3863   1.1335   1.47  1.6931  1.6931  2.3863  2.3863  2.3863  1.1335  2.3863  1.2877  2.3863  2.3863  2.3863  2.3863  1.6931   2.3863     2.3863  2.3863  1.9808
TF-IDF    0.1658  0.1658  0.1997  0.1997  0.1674  0.1997  0.1997  0.1997  0.1997   0.1897  0.123  0.1417  0.1417  0.1997  0.1997  0.1997  0.0949  0.1997  0.1078  0.1997  0.1997  0.1997  0.1997  0.1417   0.1997     0.1997  0.1997  0.1658
Documento: doc_5
          much    like     the regular bottling    from    2012    this   comes  across       as  rather   rough     and  tannic    with  rustic  earthy  herbal characteristics nonetheless      if     you   think      of      it pleasantly unfussy country    wine     its    good companion      to  hearty  winter    stew
Índice       1       2       3       4        5       6       7       8       9      10  11 - 27      12      13      14      15      16      17      18      19              20          21      22      23      24      25      26         29      30      31      32      33      35        36      37      39      40      41
TF           1       1       1       1        1       1       1       1       1       1        2       1       1       1       1       1       1       1       1               1           1       1       1       1       1       1          1       1       1       1       1       1         1       1       1       1       1
IDF     2.3863  2.3863  1.1335  2.3863   2.3863  1.9808  2.3863  1.6931  2.3863  2.3863   2.3863  2.3863  2.3863     1.0  2.3863  1.1335  2.3863  2.3863  1.9808          2.3863      2.3863  2.3863  2.3863  2.3863  1.2877  1.9808     2.3863  2.3863  2.3863  1.6931  1.6931  2.3863    2.3863  1.6931  2.3863  2.3863  2.3863
TF-IDF  0.1715  0.1715  0.0815  0.1715   0.1715  0.1424  0.1715  0.1217  0.1715  0.1715    0.343  0.1715  0.1715  0.0719  0.1715  0.0815  0.1715  0.1715  0.1424          0.1715      0.1715  0.1715  0.1715  0.1715  0.0925  0.1424     0.1715  0.1715  0.1715  0.1217  0.1217  0.1715    0.1715  0.1217  0.1715  0.1715  0.1715
Documento: doc_6
       blackberry     and raspberry  aromas    show typical navarran   whiff      of   green   herbs       in     this    case horseradish      the   mouth       is  fairly    full  bodied    with tomatoes acidity   spicy  herbal flavors complement    dark    plum   fruit   while  finish   fresh     but  grabby
Índice          1  2 - 13         3       4       5       7        8       9      10      11      12  14 - 18  15 - 21      16          17  19 - 37      20  22 - 39      23      24      25      26       27      28      29      30      31         32      33      34      35      36      38      40      41      42
TF              1       2         1       1       1       1        1       1       1       1       1        2        2       1           1        2       1        2       1       1       1       1        1       1       1       1       1          1       1       1       1       1       1       1       1       1
IDF        2.3863     1.0    2.3863    1.47  2.3863  2.3863   2.3863  2.3863  1.2877  1.9808  2.3863   2.3863   1.6931  2.3863      2.3863   1.1335  2.3863   1.6931  2.3863  2.3863  2.3863  1.1335   2.3863  1.2877  2.3863  1.9808  1.9808     2.3863  2.3863  2.3863  1.9808  1.9808  1.9808  1.9808  2.3863  2.3863
TF-IDF     0.1675  0.1404    0.1675  0.1032  0.1675  0.1675   0.1675  0.1675  0.0904   0.139  0.1675    0.335   0.2377  0.1675      0.1675   0.1591  0.1675   0.2377  0.1675  0.1675  0.1675  0.0796   0.1675  0.0904  0.1675   0.139   0.139     0.1675  0.1675  0.1675   0.139   0.139   0.139   0.139  0.1675  0.1675
Documento: doc_7
         heres  bright informal     red    that   opens    with  aromas      of candied   berry   white  pepper      and  savory    herb   carry    over      to      the  palate     its balanced   fresh acidity    soft tannins
Índice       1       3        4       5  6 - 18       7  8 - 27       9      10      11      12      13      14  15 - 30      16      17      19      20      21  22 - 23      24      25       26      28      29      31      32
TF           1       1        1       1       2       1       2       1       1       1       1       1       1        2       1       1       1       1       1        2       1       1        1       1       1       1       1
IDF     2.3863  2.3863   2.3863  1.9808  1.9808  2.3863  1.1335    1.47  1.2877  2.3863  1.9808  2.3863  2.3863      1.0  2.3863  1.9808  2.3863  2.3863  1.6931   1.1335  1.6931  1.6931   2.3863  1.9808  1.2877  2.3863  1.9808
TF-IDF  0.2077  0.2077   0.2077  0.1724  0.3448  0.2077  0.1973  0.1279  0.1121  0.2077  0.1724  0.2077  0.2077   0.1741  0.2077  0.1724  0.2077  0.2077  0.1474   0.1973  0.1474  0.1474   0.2077  0.1724  0.1121  0.2077  0.1724
Similitud del coseno entre cada documento:
          doc_1     doc_2     doc_3     doc_4     doc_5     doc_6     doc_7
doc_1  1.000000  0.038984  0.073779  0.087749  0.021346  0.090836  0.135198
doc_2  0.038984  1.000000  0.072517  0.078452  0.115102  0.156995  0.220744
doc_3  0.073779  0.072517  1.000000  0.161499  0.071908  0.169074  0.131364
doc_4  0.087749  0.078452  0.161499  1.000000  0.062423  0.140385  0.154858
doc_5  0.021346  0.115102  0.071908  0.062423  1.000000  0.086616  0.090898
doc_6  0.090836  0.156995  0.169074  0.140385  0.086616  1.000000  0.128970
doc_7  0.135198  0.220744  0.131364  0.154858  0.090898  0.128970  1.000000

Resultados Clase:
Documento: doc_1
        aromas include tropical   fruit   broom brimstone     and   dried    herb     the  palate    isnt  overly expressive offering unripened   apple  citrus    sage alongside   brisk acidity
Índice       1       2        3       4       5         6  7 - 19  8 - 20       9      10      11      12      13         14       15        16      17      18      21        22      23      24
TF         0.5     0.5      0.5     0.5     0.5       0.5     1.0     1.0     0.5     0.5     0.5     0.5     0.5        0.5      0.5       0.5     0.5     0.5     0.5       0.5     0.5     0.5
IDF     0.5596  1.9459   1.9459  1.2528  1.9459    1.9459     0.0  1.9459  1.2528  0.1542  0.8473  1.9459  1.9459     1.9459   1.9459    1.9459  1.9459  1.9459  1.9459    1.9459  1.9459  0.3365
TF-IDF  0.2798   0.973    0.973  0.6264   0.973     0.973     0.0  1.9459  0.6264  0.0771  0.4236   0.973   0.973      0.973    0.973     0.973   0.973   0.973   0.973     0.973   0.973  0.1682
Documento: doc_2
          this      is    ripe     and  fruity    wine    that  smooth   while   still structured    firm tannins     are  filled     out     with   juicy     red   berry  fruits freshened acidity     its already drinkable although      it    will certainly      be  better    from    2016
Índice       1   2 - 9       3  4 - 24       5       7       8      10      11      12         13      14      15      16      17      18  19 - 26      20      21      22      23        25      27      28      29        30       31      32      33        34      35      36      37      38
TF         0.5     1.0     0.5     1.0     0.5     0.5     0.5     0.5     0.5     0.5        0.5     0.5     0.5     0.5     0.5     0.5      1.0     0.5     0.5     0.5     0.5       0.5     0.5     0.5     0.5       0.5      0.5     0.5     0.5       0.5     0.5     0.5     0.5     0.5
IDF     0.8473  0.8473  1.9459     0.0  1.9459  0.8473  1.2528  1.9459  1.2528  1.9459     1.9459  1.9459  1.2528  1.9459  1.9459  1.9459   0.1542  1.9459  1.2528  1.2528  1.9459    1.9459  0.3365  0.8473  1.9459    1.9459   1.9459  1.2528  1.9459    1.9459  1.9459  1.9459  1.2528  1.9459
TF-IDF  0.4236  0.8473   0.973     0.0   0.973  0.4236  0.6264   0.973  0.6264   0.973      0.973   0.973  0.6264   0.973   0.973   0.973   0.1542   0.973  0.6264  0.6264   0.973     0.973  0.1682  0.4236   0.973     0.973    0.973  0.6264   0.973     0.973   0.973   0.973  0.6264   0.973
Documento: doc_3
          tart     and  snappy          the flavors      of    lime   flesh    rind dominate    some   green pineapple   pokes through    with   crisp acidity underscoring    wine     was     all fermented
Índice       1   2 - 9       3  4 - 21 - 23  5 - 22       6       7       8      10       11      12      13        14      15      16      17      18      19           20      24      25      26        28
TF      0.3333  0.6667  0.3333          1.5  0.6667  0.3333  0.3333  0.3333  0.3333   0.3333  0.3333  0.3333    0.3333  0.3333  0.3333  0.3333  0.3333  0.3333       0.3333  0.3333  0.3333  0.3333    0.3333
IDF     1.9459     0.0  1.9459       0.1542  1.2528  0.3365  1.9459  1.9459  1.2528   1.9459  1.9459  1.2528    1.2528  1.9459  1.9459  0.1542  1.9459  0.3365       1.9459  0.8473  1.9459  1.9459    1.9459
TF-IDF  0.6486     0.0  0.6486       0.2312  0.8352  0.1122  0.6486  0.6486  0.4176   0.6486  0.6486  0.4176    0.4176  0.6486  0.6486  0.0514  0.6486  0.1122       0.6486  0.2824  0.6486  0.6486    0.6486
Documento: doc_4
       pineapple    rind   lemon    pith     and  orange blossom   start     off      the  aromas  palate      is     bit    more opulent    with   notes      of   guava   mango  giving     way      to slightly astringent semidry  finish
Índice         1       2       3       4  5 - 24       6       7       8       9  10 - 12      11      13      14      16      17      18      19      20      21      23      25      26      27      28       30         31      32      33
TF           0.5     0.5     0.5     0.5     1.0     0.5     0.5     0.5     0.5      1.0     0.5     0.5     0.5     0.5     0.5     0.5     0.5     0.5     0.5     0.5     0.5     0.5     0.5     0.5      0.5        0.5     0.5     0.5
IDF       1.2528  1.2528  1.9459  1.9459     0.0  1.9459  1.9459  1.9459  1.9459   0.1542  0.5596  0.8473  0.8473  1.9459  1.9459  1.9459  0.1542  1.9459  0.3365  1.9459  1.9459  1.9459  1.9459  0.8473   1.9459     1.9459  1.9459  1.2528
TF-IDF    0.6264  0.6264   0.973   0.973     0.0   0.973   0.973   0.973   0.973   0.1542  0.2798  0.4236  0.4236   0.973   0.973   0.973  0.0771   0.973  0.1682   0.973   0.973   0.973   0.973  0.4236    0.973      0.973   0.973  0.6264
Documento: doc_5
          much    like     the regular bottling    from    2012    this   comes  across       as  rather   rough  and  tannic    with  rustic  earthy  herbal characteristics nonetheless      if     you   think      of      it pleasantly unfussy country    wine     its    good companion      to  hearty  winter    stew
Índice       1       2       3       4        5       6       7       8       9      10  11 - 27      12      13   14      15      16      17      18      19              20          21      22      23      24      25      26         29      30      31      32      33      35        36      37      39      40      41
TF         0.5     0.5     0.5     0.5      0.5     0.5     0.5     0.5     0.5     0.5      2.0     0.5     0.5  0.5     0.5     0.5     0.5     0.5     0.5             0.5         0.5     0.5     0.5     0.5     0.5     0.5        0.5     0.5     0.5     0.5     0.5     0.5       0.5     0.5     0.5     0.5     0.5
IDF     1.9459  1.9459  0.1542  1.9459   1.9459  1.2528  1.9459  0.8473  1.9459  1.9459   1.9459  1.9459  1.9459  0.0  1.9459  0.1542  1.9459  1.9459  1.2528          1.9459      1.9459  1.9459  1.9459  1.9459  0.3365  1.2528     1.9459  1.9459  1.9459  0.8473  0.8473  1.9459    1.9459  0.8473  1.9459  1.9459  1.9459
TF-IDF   0.973   0.973  0.0771   0.973    0.973  0.6264   0.973  0.4236   0.973   0.973   3.8918   0.973   0.973  0.0   0.973  0.0771   0.973   0.973  0.6264           0.973       0.973   0.973   0.973   0.973  0.1682  0.6264      0.973   0.973   0.973  0.4236  0.4236   0.973     0.973  0.4236   0.973   0.973   0.973
Documento: doc_6
       blackberry     and raspberry  aromas    show typical navarran   whiff      of   green   herbs       in     this    case horseradish      the   mouth       is  fairly    full  bodied    with tomatoes acidity   spicy  herbal flavors complement    dark    plum   fruit   while  finish   fresh     but  grabby
Índice          1  2 - 13         3       4       5       7        8       9      10      11      12  14 - 18  15 - 21      16          17  19 - 37      20  22 - 39      23      24      25      26       27      28      29      30      31         32      33      34      35      36      38      40      41      42
TF            0.5     1.0       0.5     0.5     0.5     0.5      0.5     0.5     0.5     0.5     0.5      1.0      1.0     0.5         0.5      1.0     0.5      1.0     0.5     0.5     0.5     0.5      0.5     0.5     0.5     0.5     0.5        0.5     0.5     0.5     0.5     0.5     0.5     0.5     0.5     0.5
IDF        1.9459     0.0    1.9459  0.5596  1.9459  1.9459   1.9459  1.9459  0.3365  1.2528  1.9459   1.9459   0.8473  1.9459      1.9459   0.1542  1.9459   0.8473  1.9459  1.9459  1.9459  0.1542   1.9459  0.3365  1.9459  1.2528  1.2528     1.9459  1.9459  1.9459  1.2528  1.2528  1.2528  1.2528  1.9459  1.9459
TF-IDF      0.973     0.0     0.973  0.2798   0.973   0.973    0.973   0.973  0.1682  0.6264   0.973   1.9459   0.8473   0.973       0.973   0.1542   0.973   0.8473   0.973   0.973   0.973  0.0771    0.973  0.1682   0.973  0.6264  0.6264      0.973   0.973   0.973  0.6264  0.6264  0.6264  0.6264   0.973   0.973
Documento: doc_7
         heres  bright informal     red    that   opens    with  aromas      of candied   berry   white  pepper      and  savory    herb   carry    over      to      the  palate     its balanced   fresh acidity    soft tannins
Índice       1       3        4       5  6 - 18       7  8 - 27       9      10      11      12      13      14  15 - 30      16      17      19      20      21  22 - 23      24      25       26      28      29      31      32
TF         0.5     0.5      0.5     0.5     1.0     0.5     1.0     0.5     0.5     0.5     0.5     0.5     0.5      1.0     0.5     0.5     0.5     0.5     0.5      1.0     0.5     0.5      0.5     0.5     0.5     0.5     0.5
IDF     1.9459  1.9459   1.9459  1.2528  1.2528  1.9459  0.1542  0.5596  0.3365  1.9459  1.2528  1.9459  1.9459      0.0  1.9459  1.2528  1.9459  1.9459  0.8473   0.1542  0.8473  0.8473   1.9459  1.2528  0.3365  1.9459  1.2528
TF-IDF   0.973   0.973    0.973  0.6264  1.2528   0.973  0.1542  0.2798  0.1682   0.973  0.6264   0.973   0.973      0.0   0.973  0.6264   0.973   0.973  0.4236   0.1542  0.4236  0.4236    0.973  0.6264  0.1682   0.973  0.6264
Similitud del coseno entre cada documento:
          doc_1     doc_2     doc_3     doc_4     doc_5     doc_6     doc_7
doc_1  1.000000  0.001387  0.003293  0.014956  0.000219  0.023069  0.041047
doc_2  0.001387  1.000000  0.011669  0.018259  0.043621  0.060512  0.115778
doc_3  0.003293  0.011669  1.000000  0.052454  0.009594  0.063305  0.007861
doc_4  0.014956  0.018259  0.052454  1.000000  0.008343  0.040275  0.029944
doc_5  0.000219  0.043621  0.009594  0.008343  1.000000  0.024012  0.016296
doc_6  0.023069  0.060512  0.063305  0.040275  0.024012  1.000000  0.027383
doc_7  0.041047  0.115778  0.007861  0.029944  0.016296  0.027383  1.000000